1.730918884277343750e-04
1.230239868164062500e-04
1.320838928222656250e-04
1.664161682128906250e-04
2.253055572509765625e-04
2.682209014892578125e-04
3.530979156494140625e-04
4.351139068603515625e-04
4.742145538330078125e-04
5.300045013427734375e-04
6.420612335205078125e-04
7.226467132568359375e-04
8.111000061035156250e-04
9.124279022216796875e-04
1.022577285766601562e-03
1.168727874755859375e-03
1.308917999267578125e-03
1.456260681152343750e-03
1.549005508422851562e-03
1.677274703979492188e-03
1.837730407714843750e-03
1.991748809814453125e-03
2.162694931030273438e-03
2.357482910156250000e-03
2.514123916625976562e-03
2.698421478271484375e-03
2.921819686889648438e-03
3.154039382934570312e-03
3.278970718383789062e-03
3.512620925903320312e-03
3.762483596801757812e-03
3.963232040405273438e-03
4.231929779052734375e-03
4.503965377807617188e-03
4.673480987548828125e-03
4.901647567749023438e-03
5.179643630981445312e-03
5.465030670166015625e-03
5.912065505981445312e-03
6.037712097167968750e-03
6.343126296997070312e-03
6.650924682617187500e-03
6.891965866088867188e-03
7.191419601440429688e-03
7.487535476684570312e-03
8.029699325561523438e-03
8.305788040161132812e-03
8.819103240966796875e-03
9.105443954467773438e-03
9.452581405639648438e-03
9.611129760742187500e-03
1.018118858337402344e-02
1.043033599853515625e-02
1.062822341918945312e-02
1.107668876647949219e-02
1.140975952148437500e-02
1.182389259338378906e-02
1.222133636474609375e-02
1.262974739074707031e-02
1.301527023315429688e-02
1.363444328308105469e-02
1.375889778137207031e-02
1.444506645202636719e-02
1.483535766601562500e-02
1.541924476623535156e-02
1.551342010498046875e-02
1.617288589477539062e-02
1.660323143005371094e-02
1.730465888977050781e-02
1.854276657104492188e-02
1.868033409118652344e-02
1.939988136291503906e-02
1.934313774108886719e-02
1.982355117797851562e-02
2.001953125000000000e-02
2.056431770324707031e-02
2.126836776733398438e-02
2.190804481506347656e-02
2.256774902343750000e-02
2.274107933044433594e-02
2.370429039001464844e-02
2.397203445434570312e-02
2.458858489990234375e-02
2.507615089416503906e-02
2.597379684448242188e-02
2.704715728759765625e-02
2.790665626525878906e-02
2.772259712219238281e-02
2.800059318542480469e-02
2.894473075866699219e-02
2.940487861633300781e-02
3.002023696899414062e-02
3.062748908996582031e-02
3.157281875610351562e-02
3.163456916809082031e-02
3.247857093811035156e-02
3.325867652893066406e-02
3.567695617675781250e-02
3.598308563232421875e-02
3.530669212341308594e-02
3.597664833068847656e-02
3.695297241210937500e-02
3.770589828491210938e-02
3.827977180480957031e-02
3.907012939453125000e-02
3.992533683776855469e-02
4.107904434204101562e-02
4.111623764038085938e-02
4.350042343139648438e-02
4.397845268249511719e-02
4.330348968505859375e-02
4.430890083312988281e-02
4.519867897033691406e-02
4.557895660400390625e-02
4.691529273986816406e-02
4.736423492431640625e-02
4.869675636291503906e-02
4.877066612243652344e-02
5.117702484130859375e-02
5.076527595520019531e-02
5.158948898315429688e-02
5.242156982421875000e-02
5.351543426513671875e-02
5.499529838562011719e-02
5.549645423889160156e-02
5.603075027465820312e-02
5.854129791259765625e-02
5.847477912902832031e-02
5.887675285339355469e-02
5.970525741577148438e-02
6.083369255065917969e-02
6.189632415771484375e-02
6.206440925598144531e-02
6.425619125366210938e-02
6.571245193481445312e-02
6.474161148071289062e-02
6.629943847656250000e-02
6.658673286437988281e-02
6.869864463806152344e-02
6.870770454406738281e-02
7.030892372131347656e-02
7.336044311523437500e-02
7.238531112670898438e-02
7.405543327331542969e-02
7.423257827758789062e-02
7.500910758972167969e-02
7.652997970581054688e-02
7.833862304687500000e-02
7.987189292907714844e-02
7.953143119812011719e-02
7.930254936218261719e-02
8.110857009887695312e-02
8.217573165893554688e-02
8.417701721191406250e-02
8.581519126892089844e-02
8.534550666809082031e-02
8.712172508239746094e-02
8.798360824584960938e-02
8.926129341125488281e-02
9.117364883422851562e-02
9.457969665527343750e-02
9.367442131042480469e-02
9.359574317932128906e-02
9.523105621337890625e-02
9.641051292419433594e-02
1.004245281219482422e-01
9.904146194458007812e-02
9.852194786071777344e-02
1.003153324127197266e-01
1.026630401611328125e-01
1.029291152954101562e-01
1.072449684143066406e-01
1.059217453002929688e-01
1.080818176269531250e-01
1.072731018066406250e-01
1.095771789550781250e-01
1.112966537475585938e-01
1.126644611358642578e-01
1.133196353912353516e-01
1.125426292419433594e-01
1.157972812652587891e-01
1.175172328948974609e-01
1.188106536865234375e-01
1.203711032867431641e-01
1.202185153961181641e-01
1.271061897277832031e-01
1.234848499298095703e-01
1.256988048553466797e-01
1.246483325958251953e-01
1.267609596252441406e-01
1.273961067199707031e-01
1.298563480377197266e-01
1.303071975708007812e-01
1.331348419189453125e-01
1.370158195495605469e-01
1.353678703308105469e-01
1.361057758331298828e-01
1.378848552703857422e-01
1.417047977447509766e-01
1.396203041076660156e-01
1.427714824676513672e-01
1.434023380279541016e-01
1.463360786437988281e-01
1.465203762054443359e-01
1.483519077301025391e-01
1.494617462158203125e-01
1.536700725555419922e-01
1.521701812744140625e-01
1.528477668762207031e-01
1.548628807067871094e-01
1.566655635833740234e-01
1.581428050994873047e-01
1.593003273010253906e-01
1.600587368011474609e-01
1.633422374725341797e-01
1.646838188171386719e-01
1.643419265747070312e-01
1.727638244628906250e-01
1.695246696472167969e-01
1.707079410552978516e-01
1.715404987335205078e-01
1.754984855651855469e-01
1.756279468536376953e-01
1.767227649688720703e-01
1.830112934112548828e-01
1.796903610229492188e-01
1.823797225952148438e-01
1.861264705657958984e-01
1.856279373168945312e-01
1.853365898132324219e-01
1.871953010559082031e-01
1.912381649017333984e-01
1.910707950592041016e-01
1.946794986724853516e-01
1.985487937927246094e-01
2.649612426757812500e-01
1.994440555572509766e-01
2.027342319488525391e-01
2.022094726562500000e-01
2.054796218872070312e-01
2.101118564605712891e-01
2.072670459747314453e-01
2.060256004333496094e-01
2.142810821533203125e-01
2.120745182037353516e-01
2.117497920989990234e-01
2.192749977111816406e-01
2.190833091735839844e-01
2.181432247161865234e-01
2.249219417572021484e-01
2.211382389068603516e-01
2.243418693542480469e-01
2.268784046173095703e-01
2.293009757995605469e-01
2.342679500579833984e-01
2.351071834564208984e-01
2.320976257324218750e-01
2.431902885437011719e-01
2.384936809539794922e-01
2.353162765502929688e-01
2.419631481170654297e-01
2.415840625762939453e-01
2.473886013031005859e-01
2.478160858154296875e-01
2.477996349334716797e-01
2.535653114318847656e-01
2.497732639312744141e-01
2.552785873413085938e-01
2.545146942138671875e-01
2.592616081237792969e-01
2.658066749572753906e-01
2.624652385711669922e-01
2.684710025787353516e-01
2.679688930511474609e-01
2.699251174926757812e-01
2.710323333740234375e-01
2.760426998138427734e-01
2.795972824096679688e-01
2.787115573883056641e-01
2.779648303985595703e-01
2.801733016967773438e-01
2.850542068481445312e-01
2.937467098236083984e-01
2.848110198974609375e-01
2.915351390838623047e-01
2.904784679412841797e-01
2.939341068267822266e-01
2.967565059661865234e-01
3.000764846801757812e-01
3.024761676788330078e-01
3.051483631134033203e-01
3.070311546325683594e-01
3.039598464965820312e-01
3.163754940032958984e-01
3.073437213897705078e-01
3.168332576751708984e-01
3.143684864044189453e-01
3.913872241973876953e-01
3.189697265625000000e-01
3.254113197326660156e-01
3.236823081970214844e-01
3.285584449768066406e-01
3.273396492004394531e-01
3.331639766693115234e-01
3.319082260131835938e-01
3.346049785614013672e-01
3.353977203369140625e-01
3.438315391540527344e-01
3.418726921081542969e-01
3.449590206146240234e-01
3.462767601013183594e-01
3.523881435394287109e-01
3.495588302612304688e-01
3.574533462524414062e-01
3.538889884948730469e-01
3.660323619842529297e-01
3.588654994964599609e-01
3.627634048461914062e-01
3.603763580322265625e-01
3.664460182189941406e-01
3.663146495819091797e-01
3.771321773529052734e-01
3.738903999328613281e-01
3.758766651153564453e-01
3.806517124176025391e-01
3.827667236328125000e-01
3.868176937103271484e-01
3.832988739013671875e-01
3.903951644897460938e-01
3.876504898071289062e-01
3.937609195709228516e-01
3.903274536132812500e-01
3.957848548889160156e-01
4.020023345947265625e-01
4.019930362701416016e-01
4.058845043182373047e-01
4.048714637756347656e-01
4.087386131286621094e-01
4.184410572052001953e-01
4.119489192962646484e-01
4.192287921905517578e-01
4.186456203460693359e-01
4.246654510498046875e-01
4.278838634490966797e-01
4.275922775268554688e-01
4.316663742065429688e-01
4.311921596527099609e-01
4.367563724517822266e-01
4.457824230194091797e-01
4.391376972198486328e-01
4.460442066192626953e-01
4.496214389801025391e-01
4.469757080078125000e-01
4.531290531158447266e-01
4.535806179046630859e-01
4.560761451721191406e-01
4.653739929199218750e-01
4.593806266784667969e-01
4.651904106140136719e-01
4.764187335968017578e-01
4.649083614349365234e-01
4.661924839019775391e-01
4.805879592895507812e-01
4.724633693695068359e-01
4.778127670288085938e-01
4.913609027862548828e-01
4.858503341674804688e-01
4.850158691406250000e-01
4.986169338226318359e-01
4.900057315826416016e-01
4.964001178741455078e-01
5.029966831207275391e-01
5.026149749755859375e-01
5.016841888427734375e-01
5.069463253021240234e-01
5.085623264312744141e-01
5.149405002593994141e-01
5.140614509582519531e-01
5.207376480102539062e-01
5.301964282989501953e-01
5.220847129821777344e-01
5.283887386322021484e-01
5.332739353179931641e-01
5.356159210205078125e-01
5.313737392425537109e-01
5.427157878875732422e-01
5.407783985137939453e-01
5.464835166931152344e-01
5.420906543731689453e-01
5.500454902648925781e-01
5.553691387176513672e-01
5.578839778900146484e-01
5.614938735961914062e-01
5.576345920562744141e-01
5.728135108947753906e-01
5.719370841979980469e-01
5.671539306640625000e-01
5.734541416168212891e-01
5.797138214111328125e-01
5.829801559448242188e-01
5.887441635131835938e-01
5.857684612274169922e-01
5.907351970672607422e-01
5.864279270172119141e-01
6.004402637481689453e-01
6.014938354492187500e-01
6.015872955322265625e-01
6.007611751556396484e-01
6.029269695281982422e-01
6.132621765136718750e-01
6.869356632232666016e-01
6.158750057220458984e-01
6.214928627014160156e-01
6.208784580230712891e-01
6.236376762390136719e-01
6.366405487060546875e-01
6.333835124969482422e-01
6.367301940917968750e-01
6.374757289886474609e-01
6.438987255096435547e-01
6.444101333618164062e-01
6.521606445312500000e-01
6.478884220123291016e-01
6.507875919342041016e-01
6.619260311126708984e-01
6.614420413970947266e-01
6.616785526275634766e-01
6.646313667297363281e-01
6.695709228515625000e-01
6.727082729339599609e-01
6.769559383392333984e-01
7.449135780334472656e-01
6.886763572692871094e-01
6.891920566558837891e-01
6.924023628234863281e-01
6.981885433197021484e-01
6.973123550415039062e-01
6.995308399200439453e-01
7.046880722045898438e-01
7.072658538818359375e-01
7.094280719757080078e-01
7.225329875946044922e-01
7.169651985168457031e-01
7.215240001678466797e-01
7.232241630554199219e-01
7.237293720245361328e-01
7.288575172424316406e-01
7.380731105804443359e-01
7.351973056793212891e-01
7.372696399688720703e-01
7.451176643371582031e-01
7.531886100769042969e-01
7.418236732482910156e-01
7.502508163452148438e-01
7.527203559875488281e-01
7.605807781219482422e-01
7.572071552276611328e-01
7.687747478485107422e-01
7.735795974731445312e-01
7.760424613952636719e-01
7.776434421539306641e-01
7.910172939300537109e-01
7.968945503234863281e-01
7.942900657653808594e-01
8.009412288665771484e-01
7.978401184082031250e-01
8.110609054565429688e-01
8.189451694488525391e-01
8.216896057128906250e-01
8.173828125000000000e-01
8.285794258117675781e-01
8.290948867797851562e-01
8.223056793212890625e-01
8.284933567047119141e-01
8.400480747222900391e-01
8.413648605346679688e-01
8.439805507659912109e-01
8.490071296691894531e-01
8.564078807830810547e-01
8.594579696655273438e-01
9.339969158172607422e-01
8.609929084777832031e-01
8.683717250823974609e-01
8.715250492095947266e-01
8.682796955108642578e-01
8.837721347808837891e-01
8.907942771911621094e-01
9.475138187408447266e-01
8.983519077301025391e-01
8.928411006927490234e-01
9.035649299621582031e-01
8.980834484100341797e-01
9.007956981658935547e-01
9.088578224182128906e-01
9.184813499450683594e-01
9.154250621795654297e-01
9.191277027130126953e-01
9.313788414001464844e-01
9.334788322448730469e-01
9.327845573425292969e-01
9.474198818206787109e-01
9.542860984802246094e-01
9.506273269653320312e-01
9.486386775970458984e-01
9.560925960540771484e-01
9.619915485382080078e-01
9.633936882019042969e-01
9.741311073303222656e-01
9.804046154022216797e-01
9.762423038482666016e-01
9.817428588867187500e-01
9.827234745025634766e-01
1.056081533432006836e+00
9.917142391204833984e-01
9.948868751525878906e-01
1.001921176910400391e+00
1.010186910629272461e+00
1.002204179763793945e+00
1.013554573059082031e+00
1.013424396514892578e+00
1.027899026870727539e+00
1.029254674911499023e+00
1.029698133468627930e+00
1.032477140426635742e+00
1.039679288864135742e+00
1.041895866394042969e+00
1.057083129882812500e+00
1.047191619873046875e+00
1.049808740615844727e+00
1.067815303802490234e+00
1.073747873306274414e+00
1.068899154663085938e+00
1.072320699691772461e+00
1.078990697860717773e+00
1.083323955535888672e+00
1.089934349060058594e+00
1.105238199234008789e+00
1.093992471694946289e+00
1.096841573715209961e+00
1.092244863510131836e+00
1.119262456893920898e+00
1.104274272918701172e+00
1.118100643157958984e+00
1.116845369338989258e+00
1.122581958770751953e+00
1.138154029846191406e+00
1.134271621704101562e+00
1.131843090057373047e+00
1.135044336318969727e+00
1.140777349472045898e+00
1.154363393783569336e+00
1.153726816177368164e+00
1.165386915206909180e+00
1.173295259475708008e+00
1.179197311401367188e+00
1.180845737457275391e+00
1.184402465820312500e+00
1.188699245452880859e+00
1.184301137924194336e+00
1.199324607849121094e+00
1.202148675918579102e+00
1.203344345092773438e+00
1.203680038452148438e+00
1.209279537200927734e+00
1.222917795181274414e+00
1.211405515670776367e+00
1.227671384811401367e+00
1.232337713241577148e+00
1.234880924224853516e+00
1.255474328994750977e+00
1.243680953979492188e+00
1.260458946228027344e+00
1.247176408767700195e+00
1.260586738586425781e+00
1.269318819046020508e+00
1.258042812347412109e+00
1.276170015335083008e+00
1.275555849075317383e+00
1.290517568588256836e+00
1.280271291732788086e+00
1.288617134094238281e+00
1.309605598449707031e+00
1.305688619613647461e+00
1.313827276229858398e+00
1.303353786468505859e+00
1.322150230407714844e+00
1.315870285034179688e+00
1.338079690933227539e+00
1.323159933090209961e+00
1.336475372314453125e+00
1.341701745986938477e+00
1.331251621246337891e+00
1.344269275665283203e+00
1.363259077072143555e+00
1.367685794830322266e+00
1.371600389480590820e+00
1.378920078277587891e+00
1.454132795333862305e+00
1.376610755920410156e+00
1.381534576416015625e+00
1.391397476196289062e+00
1.396569967269897461e+00
1.392762660980224609e+00
1.403455734252929688e+00
1.410328149795532227e+00
1.416093587875366211e+00
1.422959089279174805e+00
1.441132545471191406e+00
1.418294429779052734e+00
1.444038152694702148e+00
1.429687500000000000e+00
1.446540117263793945e+00
1.444662809371948242e+00
1.462633371353149414e+00
1.464202165603637695e+00
1.454793214797973633e+00
1.470461368560791016e+00
1.486562013626098633e+00
1.493725776672363281e+00
1.491266250610351562e+00
1.492643117904663086e+00
1.491947412490844727e+00
1.490090608596801758e+00
1.510460138320922852e+00
1.526835918426513672e+00
1.524466037750244141e+00
1.521016836166381836e+00
1.543658733367919922e+00
1.541960000991821289e+00
1.534066677093505859e+00
1.541001319885253906e+00
1.554775714874267578e+00
1.545686721801757812e+00
1.560281753540039062e+00
1.566296339035034180e+00
1.573958635330200195e+00
1.583350181579589844e+00
1.595916271209716797e+00
1.594239234924316406e+00
1.593685150146484375e+00
1.596099376678466797e+00
1.611207962036132812e+00
1.617791891098022461e+00
1.617952823638916016e+00
1.614928483963012695e+00
1.621836662292480469e+00
1.705592632293701172e+00
1.645888805389404297e+00
1.651983499526977539e+00
1.639525890350341797e+00
1.640980958938598633e+00
1.661006927490234375e+00
1.665988922119140625e+00
1.671675443649291992e+00
1.690133333206176758e+00
1.688861370086669922e+00
1.687975168228149414e+00
1.689846038818359375e+00
1.701494693756103516e+00
1.723055362701416016e+00
1.701049089431762695e+00
1.723512649536132812e+00
1.751196146011352539e+00
1.736598253250122070e+00
1.757559776306152344e+00
1.745342493057250977e+00
1.745146989822387695e+00
1.760115623474121094e+00
1.738544225692749023e+00
1.770063161849975586e+00
1.784066677093505859e+00
1.773990631103515625e+00
1.769548654556274414e+00
1.770138502120971680e+00
1.783264398574829102e+00
1.865812540054321289e+00
1.801607847213745117e+00
1.811573743820190430e+00
1.816046476364135742e+00
1.823518514633178711e+00
1.822041273117065430e+00
1.823616743087768555e+00
1.846579313278198242e+00
1.846896171569824219e+00
1.824784755706787109e+00
1.838189125061035156e+00
1.850353240966796875e+00
1.871671199798583984e+00
1.877593755722045898e+00
1.896190166473388672e+00
1.912000894546508789e+00
1.897015333175659180e+00
1.902202844619750977e+00
1.911733865737915039e+00
1.901165008544921875e+00
1.925521135330200195e+00
1.917681932449340820e+00
1.917271137237548828e+00
1.924932956695556641e+00
1.950098752975463867e+00
1.946750640869140625e+00
1.944076061248779297e+00
1.955749034881591797e+00
1.960223197937011719e+00
1.961772918701171875e+00
1.973921537399291992e+00
1.984161615371704102e+00
1.991028785705566406e+00
1.989395618438720703e+00
1.997914314270019531e+00
2.012267351150512695e+00
2.016776561737060547e+00
2.008626461029052734e+00
2.025150537490844727e+00
2.020752191543579102e+00
2.039286375045776367e+00
2.028078556060791016e+00
2.040395259857177734e+00
2.046860694885253906e+00
2.058578968048095703e+00
2.065711021423339844e+00
2.067245483398437500e+00
2.063580036163330078e+00
2.068194150924682617e+00
2.076245069503784180e+00
2.097874879837036133e+00
2.097233295440673828e+00
2.173358917236328125e+00
2.122978925704956055e+00
2.120412826538085938e+00
2.130712747573852539e+00
2.120721101760864258e+00
2.126698493957519531e+00
2.145417451858520508e+00
2.161041498184204102e+00
2.146731376647949219e+00
2.150372505187988281e+00
2.152961254119873047e+00
2.176058769226074219e+00
2.172544479370117188e+00
2.191425323486328125e+00
2.211601972579956055e+00
2.189267396926879883e+00
2.219331502914428711e+00
2.207055330276489258e+00
2.233305931091308594e+00
2.287683248519897461e+00
2.233719110488891602e+00
2.222359657287597656e+00
2.247180938720703125e+00
2.283903837203979492e+00
2.274946689605712891e+00
2.260854959487915039e+00
2.280279397964477539e+00
2.289499282836914062e+00
2.293246507644653320e+00
2.296911239624023438e+00
2.303565263748168945e+00
2.378994464874267578e+00
2.340790033340454102e+00
2.317690372467041016e+00
2.339792013168334961e+00
2.326197147369384766e+00
2.335020065307617188e+00
2.356095790863037109e+00
2.375493049621582031e+00
2.360514163970947266e+00
2.383008718490600586e+00
2.367115974426269531e+00
2.370863676071166992e+00
2.397941350936889648e+00
2.383180618286132812e+00
2.381197929382324219e+00
2.420867204666137695e+00
2.443873882293701172e+00
2.426781177520751953e+00
2.413822174072265625e+00
2.435728549957275391e+00
2.446714162826538086e+00
2.439810991287231445e+00
2.460868597030639648e+00
2.456592559814453125e+00
2.472714185714721680e+00
2.490164995193481445e+00
2.491645336151123047e+00
2.490045785903930664e+00
2.507613420486450195e+00
2.508904933929443359e+00
2.529305219650268555e+00
2.524485349655151367e+00
2.556433677673339844e+00
2.523222684860229492e+00
2.539326429367065430e+00
2.536662340164184570e+00
2.545939445495605469e+00
2.561583518981933594e+00
2.566667795181274414e+00
2.570212841033935547e+00
2.604785680770874023e+00
2.581009626388549805e+00
2.605858802795410156e+00
2.604765653610229492e+00
2.623166084289550781e+00
2.605941534042358398e+00
2.628696441650390625e+00
2.602619647979736328e+00
2.617133855819702148e+00
2.640509605407714844e+00
2.652575016021728516e+00
2.666295289993286133e+00
2.670909643173217773e+00
2.667357444763183594e+00
2.728224039077758789e+00
2.693401336669921875e+00
2.705009222030639648e+00
2.711984872817993164e+00
2.709841966629028320e+00
2.729753017425537109e+00
2.715175151824951172e+00
2.725072145462036133e+00
2.736488819122314453e+00
2.762682676315307617e+00
2.748410940170288086e+00
2.759046792984008789e+00
2.789824962615966797e+00
2.766278028488159180e+00
2.801889419555664062e+00
2.780328273773193359e+00
2.814511775970458984e+00
2.819234371185302734e+00
2.792049646377563477e+00
2.822294950485229492e+00
2.834581136703491211e+00
2.816542387008666992e+00
2.836109638214111328e+00
2.834081411361694336e+00
2.850665092468261719e+00
2.834619522094726562e+00
2.944715976715087891e+00
2.860939741134643555e+00
2.878222227096557617e+00
2.886797428131103516e+00
2.894089221954345703e+00
2.902425527572631836e+00
2.893064260482788086e+00
2.917561531066894531e+00
2.944445610046386719e+00
2.929799318313598633e+00
2.952349424362182617e+00
2.941320657730102539e+00
2.970805883407592773e+00
2.941104888916015625e+00
2.950337886810302734e+00
2.972387790679931641e+00
2.989803075790405273e+00
2.993458747863769531e+00
3.003033399581909180e+00
2.989858388900756836e+00
3.046652317047119141e+00
3.008768081665039062e+00
3.041141986846923828e+00
3.028138875961303711e+00
3.060595035552978516e+00
3.051974058151245117e+00
3.078308582305908203e+00
3.060579299926757812e+00
3.081697940826416016e+00
3.095075130462646484e+00
3.087080478668212891e+00
3.098447084426879883e+00
3.086870670318603516e+00
3.129301309585571289e+00
3.097426414489746094e+00
3.127205848693847656e+00
3.127957344055175781e+00
3.150093317031860352e+00
3.160413742065429688e+00
3.172234535217285156e+00
3.174246549606323242e+00
3.181014299392700195e+00
3.181786060333251953e+00
3.188871383666992188e+00
3.186799526214599609e+00
3.204306125640869141e+00
3.192093610763549805e+00
3.244135379791259766e+00
3.231333971023559570e+00
3.241420745849609375e+00
3.224119186401367188e+00
3.252572298049926758e+00
3.267742633819580078e+00
3.265724897384643555e+00
3.268117427825927734e+00
3.301673889160156250e+00
3.266581296920776367e+00
3.322719573974609375e+00
3.304078817367553711e+00
3.301079988479614258e+00
3.313954591751098633e+00
3.330766439437866211e+00
3.349605560302734375e+00
3.366255760192871094e+00
3.371980667114257812e+00
3.377006769180297852e+00
3.405708551406860352e+00
3.398814201354980469e+00
3.400995016098022461e+00
3.383591175079345703e+00
3.465904474258422852e+00
3.370155096054077148e+00
3.426782846450805664e+00
3.405416011810302734e+00
3.434616327285766602e+00
3.433818578720092773e+00
3.458394289016723633e+00
3.429731607437133789e+00
3.465187788009643555e+00
3.494801521301269531e+00
3.506597518920898438e+00
3.510242462158203125e+00
3.486001014709472656e+00
3.521574020385742188e+00
3.470373868942260742e+00
3.497107744216918945e+00
3.549182415008544922e+00
3.563027858734130859e+00
3.573451757431030273e+00
3.557721138000488281e+00
3.588150978088378906e+00
3.552985906600952148e+00
3.568599462509155273e+00
3.601577758789062500e+00
3.607781887054443359e+00
3.609286069869995117e+00
3.644054651260375977e+00
3.642318487167358398e+00
3.621898412704467773e+00
3.651102781295776367e+00
3.647207260131835938e+00
3.677280664443969727e+00
3.677887916564941406e+00
3.680011987686157227e+00
3.678074836730957031e+00
3.679103612899780273e+00
3.699362277984619141e+00
3.716081619262695312e+00
3.722442626953125000e+00
3.730073213577270508e+00
3.704370021820068359e+00
3.753434181213378906e+00
3.744777679443359375e+00
3.789504051208496094e+00
3.864559650421142578e+00
3.771331548690795898e+00
3.785416364669799805e+00
3.790729999542236328e+00
3.797234058380126953e+00
3.808248043060302734e+00
3.839378595352172852e+00
3.842174768447875977e+00
3.815340757369995117e+00
3.813879728317260742e+00
3.848532915115356445e+00
3.863317966461181641e+00
3.857117652893066406e+00
3.889493227005004883e+00
3.873980998992919922e+00
3.850227832794189453e+00
3.904830694198608398e+00
3.917121887207031250e+00
3.928744554519653320e+00
3.961981058120727539e+00
3.924792051315307617e+00
3.923336505889892578e+00
3.944894790649414062e+00
3.966403245925903320e+00
4.020596742630004883e+00
3.963809967041015625e+00
4.000628948211669922e+00
4.004912137985229492e+00
4.123250722885131836e+00
4.060526371002197266e+00
4.114002943038940430e+00
4.119448661804199219e+00
4.032161712646484375e+00
4.082572937011718750e+00
4.098601102828979492e+00
4.080199241638183594e+00
4.079559564590454102e+00
4.121952772140502930e+00
4.128108501434326172e+00
4.184634208679199219e+00
4.133813858032226562e+00
4.211257219314575195e+00
4.179204463958740234e+00
4.192301988601684570e+00
4.152198314666748047e+00
