8.082389831542968750e-05
9.179115295410156250e-05
1.294612884521484375e-04
1.833438873291015625e-04
2.641677856445312500e-04
4.019737243652343750e-04
4.498958587646484375e-04
5.474090576171875000e-04
6.623268127441406250e-04
8.153915405273437500e-04
8.535385131835937500e-04
9.279251098632812500e-04
1.062631607055664062e-03
1.173734664916992188e-03
1.357316970825195312e-03
1.499414443969726562e-03
1.711130142211914062e-03
1.883745193481445312e-03
1.380920410156250000e-03
1.511096954345703125e-03
1.635551452636718750e-03
1.793146133422851562e-03
1.955509185791015625e-03
2.006053924560546875e-03
1.563787460327148438e-03
1.668214797973632812e-03
1.809120178222656250e-03
1.966953277587890625e-03
2.073526382446289062e-03
1.980066299438476562e-03
2.067565917968750000e-03
2.156257629394531250e-03
2.314805984497070312e-03
2.448081970214843750e-03
2.566576004028320312e-03
2.737522125244140625e-03
2.817630767822265625e-03
3.011703491210937500e-03
3.228664398193359375e-03
3.311872482299804688e-03
3.427982330322265625e-03
3.637790679931640625e-03
3.917455673217773438e-03
4.110336303710937500e-03
4.386901855468750000e-03
4.556655883789062500e-03
4.673242568969726562e-03
4.902839660644531250e-03
4.913330078125000000e-03
5.146026611328125000e-03
5.324602127075195312e-03
5.516052246093750000e-03
5.762815475463867188e-03
5.910158157348632812e-03
6.207942962646484375e-03
6.356954574584960938e-03
6.579637527465820312e-03
6.822586059570312500e-03
7.070779800415039062e-03
7.233142852783203125e-03
7.484436035156250000e-03
7.736206054687500000e-03
8.012294769287109375e-03
8.357048034667968750e-03
8.610963821411132812e-03
8.766889572143554688e-03
8.855819702148437500e-03
9.095430374145507812e-03
9.436368942260742188e-03
9.608268737792968750e-03
1.012563705444335938e-02
1.025390625000000000e-02
1.047992706298828125e-02
1.078081130981445312e-02
1.107501983642578125e-02
1.138472557067871094e-02
1.160478591918945312e-02
1.186871528625488281e-02
1.222085952758789062e-02
1.261138916015625000e-02
1.287889480590820312e-02
1.318073272705078125e-02
1.366710662841796875e-02
1.389431953430175781e-02
1.412606239318847656e-02
1.449179649353027344e-02
1.478242874145507812e-02
1.507568359375000000e-02
1.544260978698730469e-02
1.581835746765136719e-02
1.623821258544921875e-02
1.652526855468750000e-02
1.686620712280273438e-02
1.731896400451660156e-02
1.764416694641113281e-02
1.849055290222167969e-02
1.845717430114746094e-02
1.879787445068359375e-02
1.918005943298339844e-02
1.941084861755371094e-02
2.002978324890136719e-02
2.023172378540039062e-02
2.057647705078125000e-02
2.113151550292968750e-02
2.143287658691406250e-02
2.197456359863281250e-02
2.229857444763183594e-02
2.252697944641113281e-02
2.305102348327636719e-02
2.350211143493652344e-02
2.394556999206542969e-02
2.431249618530273438e-02
2.464914321899414062e-02
2.543306350708007812e-02
2.554464340209960938e-02
2.625083923339843750e-02
2.730441093444824219e-02
2.829051017761230469e-02
2.841544151306152344e-02
2.879905700683593750e-02
2.889442443847656250e-02
2.912735939025878906e-02
2.949595451354980469e-02
2.984380722045898438e-02
3.047084808349609375e-02
3.065109252929687500e-02
3.130507469177246094e-02
3.208827972412109375e-02
3.217482566833496094e-02
3.302597999572753906e-02
3.346467018127441406e-02
3.398036956787109375e-02
3.431963920593261719e-02
3.500509262084960938e-02
3.550505638122558594e-02
3.601717948913574219e-02
3.681445121765136719e-02
3.690958023071289062e-02
3.737378120422363281e-02
3.807640075683593750e-02
3.895950317382812500e-02
3.930234909057617188e-02
3.981852531433105469e-02
4.013061523437500000e-02
4.134654998779296875e-02
4.179716110229492188e-02
4.400181770324707031e-02
4.359865188598632812e-02
4.383444786071777344e-02
4.393959045410156250e-02
4.416584968566894531e-02
4.481172561645507812e-02
4.509139060974121094e-02
4.568767547607421875e-02
4.674029350280761719e-02
4.715013504028320312e-02
4.771900177001953125e-02
4.859495162963867188e-02
4.928445816040039062e-02
5.036950111389160156e-02
5.031466484069824219e-02
5.087065696716308594e-02
5.173420906066894531e-02
5.219578742980957031e-02
5.287241935729980469e-02
5.386257171630859375e-02
5.460190773010253906e-02
5.776834487915039062e-02
5.665636062622070312e-02
5.667757987976074219e-02
5.649423599243164062e-02
5.744719505310058594e-02
5.779647827148437500e-02
5.849337577819824219e-02
5.998444557189941406e-02
5.972194671630859375e-02
6.092047691345214844e-02
6.136178970336914062e-02
6.238913536071777344e-02
6.310391426086425781e-02
6.377410888671875000e-02
6.397581100463867188e-02
6.490993499755859375e-02
6.790947914123535156e-02
6.817841529846191406e-02
6.778144836425781250e-02
6.764912605285644531e-02
6.829023361206054688e-02
6.899428367614746094e-02
6.963872909545898438e-02
7.055521011352539062e-02
7.158255577087402344e-02
7.176089286804199219e-02
7.293033599853515625e-02
7.363677024841308594e-02
7.468175888061523438e-02
7.499980926513671875e-02
7.734775543212890625e-02
7.949352264404296875e-02
7.847452163696289062e-02
7.870006561279296875e-02
7.874798774719238281e-02
7.983350753784179688e-02
8.248805999755859375e-02
8.274054527282714844e-02
8.216309547424316406e-02
8.321499824523925781e-02
8.382821083068847656e-02
8.444046974182128906e-02
8.577013015747070312e-02
8.943367004394531250e-02
8.785057067871093750e-02
8.815383911132812500e-02
8.841967582702636719e-02
9.009337425231933594e-02
9.259748458862304688e-02
9.185814857482910156e-02
9.269785881042480469e-02
9.344244003295898438e-02
9.365725517272949219e-02
9.472298622131347656e-02
1.001241207122802734e-01
9.818387031555175781e-02
9.758281707763671875e-02
9.911227226257324219e-02
9.967207908630371094e-02
1.005012989044189453e-01
1.015634536743164062e-01
1.024525165557861328e-01
1.021430492401123047e-01
1.260862350463867188e-01
1.080696582794189453e-01
1.055529117584228516e-01
1.067233085632324219e-01
1.071758270263671875e-01
1.079127788543701172e-01
1.094655990600585938e-01
1.106467247009277344e-01
1.111426353454589844e-01
1.120061874389648438e-01
1.171665191650390625e-01
1.142463684082031250e-01
1.158399581909179688e-01
1.159796714782714844e-01
1.167407035827636719e-01
1.182551383972167969e-01
1.190927028656005859e-01
1.206884384155273438e-01
1.239297389984130859e-01
1.242702007293701172e-01
1.238760948181152344e-01
1.239814758300781250e-01
1.251888275146484375e-01
1.264488697052001953e-01
1.276481151580810547e-01
1.278951168060302734e-01
1.325588226318359375e-01
1.328389644622802734e-01
1.315352916717529297e-01
1.325168609619140625e-01
1.331291198730468750e-01
1.339805126190185547e-01
1.365821361541748047e-01
1.370887756347656250e-01
1.415264606475830078e-01
1.390936374664306641e-01
1.404366493225097656e-01
1.410231590270996094e-01
1.420240402221679688e-01
1.429460048675537109e-01
1.444451808929443359e-01
1.499447822570800781e-01
1.470952033996582031e-01
1.468617916107177734e-01
1.477775573730468750e-01
1.492912769317626953e-01
1.528220176696777344e-01
1.530199050903320312e-01
1.541881561279296875e-01
1.536028385162353516e-01
1.552774906158447266e-01
1.559994220733642578e-01
1.571445465087890625e-01
1.589803695678710938e-01
1.644520759582519531e-01
1.607689857482910156e-01
1.633372306823730469e-01
1.636939048767089844e-01
1.648690700531005859e-01
1.661136150360107422e-01
1.706988811492919922e-01
1.691036224365234375e-01
1.695275306701660156e-01
1.708390712738037109e-01
1.714470386505126953e-01
1.732976436614990234e-01
1.780974864959716797e-01
1.749734878540039062e-01
1.764531135559082031e-01
1.764667034149169922e-01
1.787414550781250000e-01
1.809833049774169922e-01
1.874186992645263672e-01
1.822543144226074219e-01
1.838946342468261719e-01
1.846938133239746094e-01
1.859796047210693359e-01
1.923179626464843750e-01
1.887910366058349609e-01
1.894724369049072266e-01
1.904044151306152344e-01
1.909568309783935547e-01
1.967654228210449219e-01
1.943087577819824219e-01
1.962873935699462891e-01
1.959247589111328125e-01
1.980328559875488281e-01
2.016108036041259766e-01
2.019631862640380859e-01
2.010405063629150391e-01
2.032301425933837891e-01
2.041723728179931641e-01
2.079477310180664062e-01
2.073037624359130859e-01
2.071857452392578125e-01
2.090167999267578125e-01
2.098278999328613281e-01
2.171196937561035156e-01
2.146191596984863281e-01
2.136301994323730469e-01
2.161266803741455078e-01
2.169172763824462891e-01
2.215063571929931641e-01
2.196545600891113281e-01
2.204694747924804688e-01
2.229683399200439453e-01
2.274830341339111328e-01
2.258975505828857422e-01
2.273752689361572266e-01
2.272460460662841797e-01
2.281620502471923828e-01
2.349996566772460938e-01
2.318542003631591797e-01
2.335472106933593750e-01
2.343978881835937500e-01
2.409522533416748047e-01
2.369105815887451172e-01
2.381334304809570312e-01
2.395250797271728516e-01
2.455344200134277344e-01
2.450046539306640625e-01
2.444100379943847656e-01
2.460267543792724609e-01
2.510049343109130859e-01
2.481839656829833984e-01
2.488849163055419922e-01
2.497854232788085938e-01
2.572720050811767578e-01
2.560570240020751953e-01
2.563617229461669922e-01
2.595591545104980469e-01
2.648508548736572266e-01
2.591736316680908203e-01
2.830996513366699219e-01
2.624127864837646484e-01
2.688367366790771484e-01
2.657792568206787109e-01
2.674796581268310547e-01
2.699649333953857422e-01
2.749557495117187500e-01
2.719449996948242188e-01
2.748298645019531250e-01
2.780773639678955078e-01
2.775990962982177734e-01
2.790346145629882812e-01
2.810521125793457031e-01
2.844307422637939453e-01
2.832648754119873047e-01
2.840518951416015625e-01
2.882862091064453125e-01
2.893767356872558594e-01
2.900910377502441406e-01
2.905297279357910156e-01
2.970020771026611328e-01
2.941644191741943359e-01
2.947740554809570312e-01
3.005499839782714844e-01
2.991054058074951172e-01
2.991774082183837891e-01
3.051459789276123047e-01
3.062582015991210938e-01
3.047554492950439453e-01
3.064370155334472656e-01
3.122565746307373047e-01
3.092153072357177734e-01
3.132135868072509766e-01
3.160519599914550781e-01
3.135471343994140625e-01
3.161160945892333984e-01
3.233833312988281250e-01
3.193902969360351562e-01
3.224248886108398438e-01
3.280384540557861328e-01
3.258364200592041016e-01
3.263902664184570312e-01
3.313477039337158203e-01
3.315949440002441406e-01
3.297014236450195312e-01
3.350439071655273438e-01
3.343219757080078125e-01
3.344402313232421875e-01
3.397767543792724609e-01
3.388607501983642578e-01
3.403148651123046875e-01
3.450636863708496094e-01
3.429467678070068359e-01
3.445742130279541016e-01
3.518285751342773438e-01
3.468818664550781250e-01
3.502554893493652344e-01
3.546240329742431641e-01
3.534965515136718750e-01
3.548495769500732422e-01
3.617506027221679688e-01
3.586761951446533203e-01
3.598403930664062500e-01
3.668439388275146484e-01
3.644332885742187500e-01
3.689315319061279297e-01
3.692533969879150391e-01
3.699238300323486328e-01
3.963971138000488281e-01
3.729162216186523438e-01
3.760876655578613281e-01
3.811414241790771484e-01
3.786172866821289062e-01
3.834762573242187500e-01
3.833262920379638672e-01
3.839850425720214844e-01
3.894217014312744141e-01
3.871951103210449219e-01
3.892197608947753906e-01
3.957228660583496094e-01
3.912794589996337891e-01
3.965823650360107422e-01
3.942296504974365234e-01
3.951025009155273438e-01
3.999669551849365234e-01
3.967914581298828125e-01
4.042720794677734375e-01
4.013223648071289062e-01
4.032514095306396484e-01
4.096090793609619141e-01
4.073133468627929688e-01
4.121251106262207031e-01
4.094004631042480469e-01
4.127783775329589844e-01
4.191677570343017578e-01
4.153478145599365234e-01
4.226431846618652344e-01
4.197869300842285156e-01
4.255867004394531250e-01
4.282364845275878906e-01
4.290885925292968750e-01
4.350101947784423828e-01
4.345755577087402344e-01
4.400167465209960938e-01
4.365513324737548828e-01
4.430804252624511719e-01
4.432215690612792969e-01
4.425985813140869141e-01
4.484181404113769531e-01
4.499168395996093750e-01
4.545571804046630859e-01
4.522204399108886719e-01
4.556224346160888672e-01
4.566071033477783203e-01
4.601469039916992188e-01
4.584004878997802734e-01
4.660279750823974609e-01
4.654004573822021484e-01
4.716680049896240234e-01
4.689188003540039062e-01
4.706571102142333984e-01
4.754230976104736328e-01
4.712736606597900391e-01
4.794600009918212891e-01
4.780764579772949219e-01
4.848508834838867188e-01
4.802358150482177734e-01
4.863283634185791016e-01
4.858372211456298828e-01
4.917120933532714844e-01
4.909477233886718750e-01
4.953463077545166016e-01
4.954144954681396484e-01
5.009510517120361328e-01
5.202503204345703125e-01
5.066437721252441406e-01
5.033838748931884766e-01
5.121543407440185547e-01
5.072641372680664062e-01
5.131638050079345703e-01
5.140664577484130859e-01
5.163862705230712891e-01
5.145652294158935547e-01
5.198063850402832031e-01
5.226347446441650391e-01
5.277960300445556641e-01
5.259418487548828125e-01
5.315811634063720703e-01
5.287027359008789062e-01
5.352923870086669922e-01
5.353124141693115234e-01
5.350077152252197266e-01
5.424821376800537109e-01
5.384261608123779297e-01
5.471491813659667969e-01
5.437936782836914062e-01
5.509934425354003906e-01
5.495729446411132812e-01
5.548377037048339844e-01
5.531196594238281250e-01
5.609238147735595703e-01
5.601687431335449219e-01
5.607368946075439453e-01
5.651891231536865234e-01
5.634403228759765625e-01
5.708932876586914062e-01
5.697484016418457031e-01
5.734786987304687500e-01
5.741479396820068359e-01
5.766770839691162109e-01
5.818436145782470703e-01
5.793673992156982422e-01
5.856971740722656250e-01
5.844419002532958984e-01
5.922377109527587891e-01
5.903635025024414062e-01
5.937476158142089844e-01
5.968635082244873047e-01
5.967247486114501953e-01
6.021835803985595703e-01
6.077241897583007812e-01
6.068031787872314453e-01
6.119771003723144531e-01
6.088581085205078125e-01
6.165335178375244141e-01
6.162722110748291016e-01
6.216483116149902344e-01
6.230368614196777344e-01
6.196129322052001953e-01
6.286466121673583984e-01
6.315979957580566406e-01
6.298501491546630859e-01
6.349735260009765625e-01
6.574716567993164062e-01
6.346709728240966797e-01
6.440465450286865234e-01
6.440782546997070312e-01
6.426393985748291016e-01
6.503627300262451172e-01
6.498370170593261719e-01
6.542594432830810547e-01
6.570448875427246094e-01
6.574096679687500000e-01
6.633603572845458984e-01
6.654882431030273438e-01
6.622867584228515625e-01
6.712675094604492188e-01
6.690607070922851562e-01
6.708931922912597656e-01
6.760866641998291016e-01
6.789829730987548828e-01
6.752381324768066406e-01
6.838219165802001953e-01
6.870858669281005859e-01
6.847708225250244141e-01
6.901152133941650391e-01
6.960382461547851562e-01
6.958823204040527344e-01
6.930866241455078125e-01
6.997020244598388672e-01
7.025802135467529297e-01
7.047095298767089844e-01
7.066729068756103516e-01
7.124106884002685547e-01
7.124714851379394531e-01
7.162830829620361328e-01
7.191064357757568359e-01
7.220323085784912109e-01
7.214167118072509766e-01
7.268300056457519531e-01
7.312700748443603516e-01
7.321748733520507812e-01
7.329223155975341797e-01
7.365701198577880859e-01
7.386538982391357422e-01
7.376499176025390625e-01
7.440595626831054688e-01
7.722306251525878906e-01
7.498731613159179688e-01
7.505283355712890625e-01
7.540214061737060547e-01
7.592592239379882812e-01
7.627465724945068359e-01
7.636826038360595703e-01
7.672653198242187500e-01
7.730050086975097656e-01
7.712583541870117188e-01
7.730605602264404297e-01
7.750215530395507812e-01
7.785959243774414062e-01
7.832493782043457031e-01
7.836985588073730469e-01
7.847535610198974609e-01
7.902107238769531250e-01
7.924859523773193359e-01
7.966036796569824219e-01
7.951650619506835938e-01
7.952935695648193359e-01
8.034265041351318359e-01
8.052308559417724609e-01
8.084778785705566406e-01
8.095571994781494141e-01
8.091826438903808594e-01
8.177382946014404297e-01
8.219976425170898438e-01
8.216054439544677734e-01
8.268246650695800781e-01
8.266589641571044922e-01
8.287444114685058594e-01
8.354573249816894531e-01
8.355083465576171875e-01
8.392763137817382812e-01
8.456442356109619141e-01
8.405399322509765625e-01
8.441650867462158203e-01
8.527076244354248047e-01
8.548741340637207031e-01
8.557550907135009766e-01
8.582665920257568359e-01
8.648004531860351562e-01
8.619635105133056641e-01
8.637840747833251953e-01
8.942239284515380859e-01
8.747928142547607422e-01
8.768894672393798828e-01
8.791954517364501953e-01
8.827159404754638672e-01
8.849494457244873047e-01
8.863363265991210938e-01
8.874983787536621094e-01
8.908257484436035156e-01
8.937833309173583984e-01
8.981988430023193359e-01
9.023003578186035156e-01
8.975455760955810547e-01
9.094944000244140625e-01
9.024109840393066406e-01
9.146869182586669922e-01
9.147083759307861328e-01
9.127938747406005859e-01
9.201681613922119141e-01
9.170753955841064453e-01
9.271442890167236328e-01
9.240500926971435547e-01
9.323551654815673828e-01
9.262654781341552734e-01
9.357352256774902344e-01
9.433827400207519531e-01
9.419221878051757812e-01
9.471509456634521484e-01
9.518718719482421875e-01
9.518125057220458984e-01
9.556443691253662109e-01
9.577302932739257812e-01
9.595198631286621094e-01
9.647469520568847656e-01
9.640614986419677734e-01
9.768307209014892578e-01
9.739105701446533203e-01
1.013590097427368164e+00
9.819772243499755859e-01
9.867799282073974609e-01
9.835686683654785156e-01
9.919168949127197266e-01
9.976568222045898438e-01
9.966337680816650391e-01
1.019244670867919922e+00
1.000459194183349609e+00
1.007726669311523438e+00
1.009427547454833984e+00
1.013704061508178711e+00
1.012005805969238281e+00
1.017155170440673828e+00
1.019265413284301758e+00
1.021194458007812500e+00
1.024402141571044922e+00
1.023849725723266602e+00
1.034818410873413086e+00
1.033920526504516602e+00
1.037546634674072266e+00
1.042278051376342773e+00
1.043856620788574219e+00
1.047996759414672852e+00
1.049881935119628906e+00
1.051469802856445312e+00
1.054959297180175781e+00
1.063777685165405273e+00
1.059559106826782227e+00
1.064921379089355469e+00
1.064341306686401367e+00
1.072750329971313477e+00
1.076290845870971680e+00
1.079133749008178711e+00
1.082172393798828125e+00
1.086430072784423828e+00
1.092293262481689453e+00
1.095042705535888672e+00
1.097613811492919922e+00
1.101675510406494141e+00
1.105688095092773438e+00
1.109608411788940430e+00
1.110735416412353516e+00
1.111856222152709961e+00
1.116665840148925781e+00
1.122037649154663086e+00
1.127213716506958008e+00
1.156911849975585938e+00
1.132090806961059570e+00
1.130526781082153320e+00
1.133193492889404297e+00
1.142489433288574219e+00
1.142073631286621094e+00
1.147939205169677734e+00
1.153043985366821289e+00
1.149532556533813477e+00
1.154814720153808594e+00
1.160399436950683594e+00
1.162757396697998047e+00
1.161867380142211914e+00
1.169790983200073242e+00
1.170170783996582031e+00
1.170089483261108398e+00
1.175142049789428711e+00
1.176660776138305664e+00
1.182785749435424805e+00
1.181653738021850586e+00
1.185438632965087891e+00
1.187491416931152344e+00
1.193178892135620117e+00
1.199118614196777344e+00
1.205843210220336914e+00
1.209921598434448242e+00
1.209811687469482422e+00
1.207480669021606445e+00
1.216834783554077148e+00
1.217013597488403320e+00
1.223840713500976562e+00
1.222819328308105469e+00
1.224362611770629883e+00
1.252366065979003906e+00
1.239696025848388672e+00
1.238164186477661133e+00
1.239795684814453125e+00
1.246270895004272461e+00
1.251484870910644531e+00
1.251600265502929688e+00
1.258613348007202148e+00
1.258800268173217773e+00
1.265639305114746094e+00
1.279040098190307617e+00
1.266226530075073242e+00
1.271710395812988281e+00
1.277892827987670898e+00
1.277988433837890625e+00
1.281123638153076172e+00
1.286937475204467773e+00
1.285733222961425781e+00
1.283373355865478516e+00
1.291324138641357422e+00
1.297060012817382812e+00
1.301027297973632812e+00
1.301352262496948242e+00
1.311928749084472656e+00
1.309774160385131836e+00
1.312592983245849609e+00
1.321375131607055664e+00
1.324582815170288086e+00
1.320039272308349609e+00
1.327788829803466797e+00
1.334292411804199219e+00
1.331339120864868164e+00
1.334047317504882812e+00
1.342612504959106445e+00
1.363997936248779297e+00
1.353006601333618164e+00
1.364434242248535156e+00
1.360830545425415039e+00
1.368195295333862305e+00
1.366451740264892578e+00
1.368040084838867188e+00
1.380712747573852539e+00
1.379067659378051758e+00
1.382111310958862305e+00
1.392107963562011719e+00
1.387961387634277344e+00
1.392863750457763672e+00
1.399373292922973633e+00
1.397800922393798828e+00
1.413068771362304688e+00
1.408352613449096680e+00
1.409746408462524414e+00
1.413417816162109375e+00
1.413009643554687500e+00
1.428596735000610352e+00
1.421419143676757812e+00
1.432070970535278320e+00
1.430339097976684570e+00
1.429686784744262695e+00
1.444942712783813477e+00
1.440098524093627930e+00
1.450335502624511719e+00
1.442738294601440430e+00
1.451844692230224609e+00
1.450527906417846680e+00
1.459786415100097656e+00
1.461534023284912109e+00
1.485028505325317383e+00
1.468374967575073242e+00
1.471221446990966797e+00
1.476235628128051758e+00
1.471325874328613281e+00
1.480770587921142578e+00
1.483118295669555664e+00
1.490826129913330078e+00
1.491634845733642578e+00
1.497530937194824219e+00
1.500375032424926758e+00
1.504899024963378906e+00
1.512392282485961914e+00
1.520788192749023438e+00
1.515901803970336914e+00
1.520648956298828125e+00
1.524392366409301758e+00
1.526799678802490234e+00
1.528555631637573242e+00
1.540721416473388672e+00
1.538953542709350586e+00
1.549455881118774414e+00
1.545853137969970703e+00
1.548960208892822266e+00
1.579436302185058594e+00
1.560340642929077148e+00
1.569114208221435547e+00
1.568196535110473633e+00
1.588327646255493164e+00
1.577305316925048828e+00
1.576807498931884766e+00
1.581544876098632812e+00
1.588020086288452148e+00
1.611467838287353516e+00
1.597160100936889648e+00
1.592208147048950195e+00
1.601867914199829102e+00
1.600151300430297852e+00
1.607956409454345703e+00
1.608411550521850586e+00
1.613356113433837891e+00
1.618591308593750000e+00
1.622268438339233398e+00
1.626677989959716797e+00
1.628112792968750000e+00
1.627251148223876953e+00
1.638292551040649414e+00
1.631658792495727539e+00
1.638336181640625000e+00
1.644179821014404297e+00
1.651867866516113281e+00
1.656415224075317383e+00
1.661607027053833008e+00
1.678076267242431641e+00
1.679738283157348633e+00
1.685390472412109375e+00
1.680749177932739258e+00
1.686972856521606445e+00
1.692915678024291992e+00
1.685928821563720703e+00
1.701592683792114258e+00
1.693514823913574219e+00
1.706410884857177734e+00
1.703485250473022461e+00
1.709810733795166016e+00
1.715926408767700195e+00
1.740052461624145508e+00
1.717896461486816406e+00
1.726622343063354492e+00
1.730005741119384766e+00
1.732656717300415039e+00
1.730274677276611328e+00
1.738678932189941406e+00
1.738403320312500000e+00
1.750627517700195312e+00
1.754445552825927734e+00
1.760815620422363281e+00
1.762260437011718750e+00
1.768338203430175781e+00
1.771303176879882812e+00
1.773107767105102539e+00
1.774361848831176758e+00
1.781380176544189453e+00
1.785556077957153320e+00
1.787014961242675781e+00
1.790317296981811523e+00
1.798936128616333008e+00
1.798864364624023438e+00
1.803365945816040039e+00
1.805321455001831055e+00
1.807148218154907227e+00
1.811609268188476562e+00
1.835031509399414062e+00
1.815261363983154297e+00
1.825497150421142578e+00
1.821742534637451172e+00
1.838839769363403320e+00
1.846826553344726562e+00
1.848769187927246094e+00
1.845317840576171875e+00
1.857114553451538086e+00
1.856311321258544922e+00
1.859512805938720703e+00
1.862216472625732422e+00
1.873099088668823242e+00
1.874937057495117188e+00
1.881623983383178711e+00
1.881355524063110352e+00
1.893884420394897461e+00
1.888030529022216797e+00
1.893563508987426758e+00
1.897310972213745117e+00
1.904522895812988281e+00
1.925809860229492188e+00
1.915925264358520508e+00
1.916242837905883789e+00
1.928745508193969727e+00
1.921378374099731445e+00
1.941659450531005859e+00
1.956524848937988281e+00
1.954968690872192383e+00
1.945456266403198242e+00
1.947305679321289062e+00
1.941240072250366211e+00
1.958893299102783203e+00
1.955580234527587891e+00
1.968329668045043945e+00
1.968261718750000000e+00
1.973420858383178711e+00
1.973210334777832031e+00
1.978828907012939453e+00
1.982520818710327148e+00
1.987699508666992188e+00
1.984790086746215820e+00
1.992901802062988281e+00
1.991649627685546875e+00
2.007251977920532227e+00
2.006005764007568359e+00
2.027680397033691406e+00
2.017552852630615234e+00
2.023258209228515625e+00
2.027078866958618164e+00
2.034581422805786133e+00
2.025810241699218750e+00
2.040716886520385742e+00
2.061235189437866211e+00
2.054496765136718750e+00
2.055099725723266602e+00
2.060253381729125977e+00
2.060602903366088867e+00
2.073922872543334961e+00
2.070338487625122070e+00
2.080725669860839844e+00
2.120756387710571289e+00
2.119645118713378906e+00
2.119469642639160156e+00
2.120676040649414062e+00
2.130244016647338867e+00
2.137024164199829102e+00
2.129699230194091797e+00
2.147170066833496094e+00
2.143876552581787109e+00
2.154052019119262695e+00
2.152332544326782227e+00
2.160543441772460938e+00
2.160382986068725586e+00
2.165777206420898438e+00
2.171242713928222656e+00
2.172749280929565430e+00
